1  2  3  3  3  3  3  3  3  3  3  3  3  3  3  3  2  1


8  9 11 11 12 11 10 10 11 11 12 11 11 11 11  2  1


8  9 19 10 20 10 19 10 10 10 20 10 4 10 19  2  1


8  9 19 12 4 12 4 11 11 11 19 11 20 12 19  2  1


8  9 4 10 20 10 4 10 19 10 19 10 19 10 19  2  1
 

8  9 20 11 19 11 4 11 19 10 19 12 19 11 19  2  1


8  9 19 10 19 10 20 10 19 10 10 10 19 10 19  2  1


8  9 10 11 4 11 4 12 19 10 11 11 19 12 19  2  1


8  9 11 10 20 10 20 10 4 10 19 10 19 10 19  2  1


8  9 19 20 4 11 4 11 4 12 19 11 4 12 19  2  1


8  9 19 10 4 10 4 10 4 10 10 10 20 10 4  2  1


8  9 19 12 20 11 20 11 4 12 11 12 4 12 20  2  1


16 17 18 18 18 18 18 18 18 18 18 18 18 18  17 16